
###### Camera_Front ###### 
-------------------------------------------------------------------------
Intrinsics
K = [1126.00163331084 0 1004.78714770586;0 1085.11860102368 616.850303880803;0 0 1]
-------------------------------------------------------------------------
Radial Distortion
d = [-0.139768393372077 0.0754312115614151]
-------------------------------------------------------------------------
Position in Velodyne Reference Frame
t = [-0.00697673116182965;0.893138479755176;-0.150147076811899]
-------------------------------------------------------------------------
Rotation into Camera Reference Frame
R = [0.999878391535228 0.0144841349913075 0.00578030920264324;0.00909220880582579 -0.240290282672034 -0.970658493906289;-0.0126701965239630 0.970593009395260 -0.240392754119372]

###### Camera_Right ###### 
-------------------------------------------------------------------------
Intrinsics
K = [1146.25092257720 0 1035.48386187006;0 1108.84647109679 575.266391697674;0 0 1]
-------------------------------------------------------------------------
Radial Distortion
d = [-0.135365756683900 0.0604503535782974]
-------------------------------------------------------------------------
Position in Velodyne Reference Frame
t = [0.0748089994524389;-0.0280540897127760;0.0144660733236369]
-------------------------------------------------------------------------
Rotation into Camera Reference Frame
R = [0.00228420213525319 -0.999989746010186 -0.00391028069172466;-0.262997280833927 0.00317189860275179 -0.964791360519576;0.964793870572655 0.00323217167499364 -0.262987338804927]

###### Camera_Rear ###### 
-------------------------------------------------------------------------
Intrinsics
K = [1115.01996127006 0 1010.56278139060;0 1057.21932376123 559.645380342081;0 0 1]
-------------------------------------------------------------------------
Radial Distortion
d = [-0.161476742661372 0.0984842837941872]
-------------------------------------------------------------------------
Position in Velodyne Reference Frame
t = [0.00589587663538819;-0.718263777811833;-0.143377329194098]
-------------------------------------------------------------------------
Rotation into Camera Reference Frame
R = [-0.999713014959623 0.0229247511206603 -0.00695294947464828;0.0117559079824915 0.216582966339564 -0.976193432327355;-0.0208731010596993 -0.975995017649994 -0.216790311532920]

###### Camera_Left ###### 
-------------------------------------------------------------------------
Intrinsics
K = [1139.45002617018 0 1015.90826104616;0 1076.20066602763 608.712398565772;0 0 1]
-------------------------------------------------------------------------
Radial Distortion
d = [-0.139219549364586 0.0725649456665314]
-------------------------------------------------------------------------
Position in Velodyne Reference Frame
t = [-0.138767425389830;0.0372159075325127;-0.0262567946637974]
-------------------------------------------------------------------------
Rotation into Camera Reference Frame
R = [-0.0274334234995178 0.999541531532971 -0.0128114798450206;0.301204044328896 -0.00395516114799890 -0.953551509033576;-0.953165007202327 -0.0300180519190807 -0.300957448161648]

